-|---------|----------|---------|---------|-------------------
 | % Stmts | % Branch | % Funcs | % Lines | Uncovered Line #s 
-|---------|----------|---------|---------|-------------------
 |   72.22 |     77.9 |      75 |   72.22 |                   
  |     100 |      100 |     100 |     100 |                   
   |     100 |      100 |     100 |     100 |                   
  |     100 |      100 |     100 |     100 |                   
   |     100 |      100 |     100 |     100 |                   
  |   66.94 |    75.75 |   68.29 |   66.94 |                   
   |    23.8 |      100 |       0 |    23.8 | 13-29             
   |   89.06 |    96.15 |   81.81 |   89.06 | 176-180,199-209   
   |   79.34 |    65.11 |      80 |   79.34 | ...38-339,351-357 
   |    36.4 |    81.81 |      50 |    36.4 | ...67-291,294-296 
   |   72.41 |     62.5 |     100 |   72.41 | 52-53,64-66,75-85 
   |     100 |      100 |     100 |     100 |                   
  |   65.91 |     82.6 |   63.33 |   65.91 |                   
   |   66.66 |    88.88 |   51.61 |   66.66 | ...38-591,597-606 
   |   23.49 |        0 |       0 |   23.49 | 90-296            
   |     100 |      100 |     100 |     100 |                   
   |   74.75 |    81.42 |    92.3 |   74.75 | ...02-433,439-458 
   |    96.8 |       25 |     100 |    96.8 | 29-31,34          
  |   74.58 |    75.24 |   79.78 |   74.58 |                   
   |   73.94 |    76.74 |   83.33 |   73.94 | ...37,639-640,643 
   |    84.9 |       76 |     100 |    84.9 | ...12,163,174-177 
   |   72.07 |    69.33 |   81.25 |   72.07 | ...51-657,674-683 
   |   82.71 |    78.26 |     100 |   82.71 | ...72-276,285-286 
   |   76.74 |       25 |     100 |   76.74 | 26-27,56-60,64-67 
   |     100 |    66.66 |     100 |     100 | 64,99             
   |   81.25 |    68.18 |      50 |   81.25 | ...61-266,282-339 
   |   62.85 |    71.79 |   64.28 |   62.85 | ...17,632,636-644 
   |     100 |      100 |     100 |     100 |                   
   |      15 |      100 |       0 |      15 | 15-31             
   |   81.88 |    82.14 |     100 |   81.88 | ...26-229,242-243 
  |   41.35 |    55.55 |   17.64 |   41.35 |                   
   |    2.58 |        0 |       0 |    2.58 | 25-212            
   |       0 |        0 |       0 |       0 | 1-18              
   |   59.76 |        0 |       0 |   59.76 | 231-391           
   |   73.07 |      100 |    37.5 |   73.07 | ...77,83-84,90-91 
   |    3.92 |        0 |       0 |    3.92 | 24-188            
   |   52.38 |      100 |       0 |   52.38 | ...66-268,276-283 
  |   77.71 |    86.11 |   70.58 |   77.71 |                   
   |   77.33 |       75 |   85.71 |   77.33 | ...1-62,84,91-103 
   |   78.02 |      100 |      60 |   78.02 | ...10-114,117-121 
  |    81.8 |    85.03 |   86.95 |    81.8 |                   
   |     100 |      100 |     100 |     100 |                   
   |     100 |      100 |     100 |     100 |                   
   |   84.32 |    81.81 |   88.88 |   84.32 | 184-223           
   |   60.36 |    95.65 |    62.5 |   60.36 | ...36-158,161-184 
   |   82.85 |    28.57 |     100 |   82.85 | ...18,126-127,133 
   |   82.56 |    93.18 |   86.66 |   82.56 | 83-92,162-191     
   |   99.18 |    95.65 |     100 |   99.18 | 119               
  |   78.13 |     90.9 |   72.22 |   78.13 |                   
   |   77.43 |    90.47 |   76.47 |   77.43 | ...51-463,466-468 
   |   83.67 |      100 |       0 |   83.67 | 156-166           
  |   67.04 |    77.79 |   71.32 |   67.04 |                   
   |     100 |      100 |     100 |     100 |                   
   |   77.65 |    81.94 |   83.33 |   77.65 | ...49-450,454-489 
   |   86.79 |       80 |   85.71 |   86.79 | ...89-290,298-305 
   |   56.37 |     75.8 |   72.72 |   56.37 | ...27-532,537-541 
   |    9.28 |      100 |    12.5 |    9.28 | ...85-190,198-308 
   |   75.89 |     75.4 |      30 |   75.89 | ...84-385,404-405 
   |   91.75 |    85.71 |     100 |   91.75 | ...36,142,147-148 
   |   97.45 |    84.84 |     100 |   97.45 | 94,96,98-99       
   |     100 |    84.61 |     100 |     100 | 90,97             
   |    98.3 |    96.15 |     100 |    98.3 | 116-117           
   |   80.82 |    70.45 |      80 |   80.82 | ...39-440,447-448 
   |   63.94 |     66.1 |   78.57 |   63.94 | ...54,471,477-489 
   |   57.87 |    71.69 |   78.57 |   57.87 | ...65-366,368-369 
   |   76.31 |      100 |      40 |   76.31 | ...44-145,154-159 
   |   30.23 |    72.22 |   66.66 |   30.23 | ...85-186,214-352 
   |   12.17 |      100 |      20 |   12.17 | ...03-104,107-196 
   |   81.25 |    82.35 |      80 |   81.25 | ...19-324,386-416 
  |   49.93 |    92.06 |   48.78 |   49.93 |                   
   |   60.14 |    93.75 |   54.54 |   60.14 | ...71-180,187-199 
   |   30.95 |      100 |       0 |   30.95 | 59-69,75-80,86-99 
   |   47.36 |      100 |   33.33 |   47.36 | 58-73,79-100      
   |    4.41 |      100 |       0 |    4.41 | ...71-276,282-297 
   |   78.01 |    85.71 |   76.47 |   78.01 | ...11-226,232-237 
   |     100 |      100 |     100 |     100 |                   
  |   94.35 |    82.86 |   95.95 |   94.35 |                   
   |   91.49 |    65.21 |   93.75 |   91.49 | ...80,726-738,759 
   |    99.9 |    98.33 |     100 |    99.9 | 1099              
   |       0 |        0 |       0 |       0 | 1-13              
   |    90.2 |    85.65 |   97.29 |    90.2 | ...1472,1475-1476 
  |    40.1 |    55.78 |    54.9 |    40.1 |                   
   |   80.75 |       60 |     100 |   80.75 | ...86-487,526-527 
   |   11.45 |       75 |   15.78 |   11.45 | ...37-548,554-579 
   |   28.63 |    38.09 |   46.15 |   28.63 | ...54-372,378-397 
  |   71.63 |       70 |   75.88 |   71.63 |                   
   |   22.07 |    21.05 |      20 |   22.07 | ...58-525,531-557 
   |       0 |        0 |       0 |       0 | 1-12              
   |   89.76 |    82.72 |     100 |   89.76 | ...1007-1008,1075 
   |   89.98 |    74.41 |     100 |   89.98 | ...1388,1404,1406 
   |   57.57 |       50 |      50 |   57.57 | ...86-330,336-346 
   |   74.36 |     59.3 |   95.65 |   74.36 | ...42-643,721-726 
   |   41.26 |    39.47 |      55 |   41.26 | ...33-466,536-537 
   |       0 |        0 |       0 |       0 |                   
  |   43.91 |    71.42 |    37.5 |   43.91 |                   
   |   43.91 |    71.42 |    37.5 |   43.91 | ...62-371,377-389 
  |   77.69 |    77.27 |   88.05 |   77.69 |                   
   |   71.91 |    74.71 |   88.23 |   71.91 | ...1191,1209-1220 
   |       0 |        0 |       0 |       0 | 1-7               
   |   88.58 |    85.07 |   93.33 |   88.58 | ...65-567,569-570 
  |   80.63 |    81.62 |   88.13 |   80.63 |                   
   |   70.96 |     62.5 |     100 |   70.96 | 20-22,28,30-34    
   |   92.45 |    86.66 |     100 |   92.45 | 53-54,67-68       
   |   77.35 |    61.11 |   91.66 |   77.35 | ...70-682,716,730 
   |   97.33 |    93.75 |     100 |   97.33 | 134,196,199-200   
   |   83.52 |    84.61 |     100 |   83.52 | 81-85,106-114     
   |   41.46 |       60 |      75 |   41.46 | 17-21,37-52,56-62 
   |   34.04 |      100 |       0 |   34.04 | 22-27,31-57       
   |   94.69 |    91.54 |     100 |   94.69 | ...45-249,318-324 
   |   96.03 |       96 |     100 |   96.03 | 28-29,57-58       
   |      95 |    93.42 |     100 |      95 | ...66-167,344-346 
   |   96.36 |     90.9 |     100 |   96.36 | 70-71             
   |   46.34 |    66.66 |      50 |   46.34 | 24-25,40-41,50-73 
   |    80.7 |    75.43 |      75 |    80.7 | ...12-313,316-317 
   |   86.86 |    88.46 |     100 |   86.86 | 115-124,131-140   
   |     100 |      100 |     100 |     100 |                   
   |   83.51 |    83.33 |     100 |   83.51 | ...95-100,108-114 
   |   63.21 |    73.33 |   57.14 |   63.21 | ...24-134,140-141 
   |   40.78 |    36.36 |      80 |   40.78 | ...11-112,118-123 
   |   62.55 |    73.21 |     100 |   62.55 | ...54-274,319-334 
   |   86.66 |    73.33 |     100 |   86.66 | 22-23,25-26,43-44 
   |     100 |      100 |     100 |     100 |                   
   |    92.1 |       75 |     100 |    92.1 | 46-47,57-58,74-75 
   |   84.44 |    72.72 |   83.33 |   84.44 | 27-28,34-35,70-72 
   |   97.72 |    97.05 |     100 |   97.72 | 102-103           
   |   60.97 |    33.33 |      75 |   60.97 | ...33,46-48,52-57 
-|---------|----------|---------|---------|-------------------
